Data,Otwarcie,Najwyzszy,Najnizszy,Zamkniecie,Wolumen
2021-02-01,13.96,14,13.7,13.9,70296
2021-02-02,13.98,14.34,13.8,14,128795
2021-02-03,14.1,14.14,13.74,13.9,67555
2021-02-04,13.9,14,13.7,13.78,85397
2021-02-05,13.88,14.1,13.74,14,45539
2021-02-08,14.1,14.32,13.86,14,143895
2021-02-09,14.14,14.14,13.7,14.02,71827
2021-02-10,14.08,14.38,13.92,14.18,213613
2021-02-11,14.32,14.48,14.18,14.48,171902
2021-02-12,14.48,16.48,14.48,16.32,1007673
2021-02-15,16.52,17.16,16.34,16.62,443126
2021-02-16,16.88,16.88,15.78,16.1,380252
2021-02-17,16.12,16.78,15.8,16.28,175251
2021-02-18,16.48,16.58,15.58,15.86,290432
2021-02-19,15.84,16.2,15.52,16.2,163500
2021-02-22,16.4,16.5,16.02,16.46,118008
2021-02-23,16.6,17.2,15.96,16.5,358288
2021-02-24,16.5,17.28,16.3,17.2,269319
2021-02-25,17.7,18.5,17.6,18.24,467682
2021-02-26,17.78,18.96,17.34,18.02,420057
2021-03-01,18.5,19.2,18.26,18.96,385789
2021-03-02,18.88,21.35,18.8,20.7,945959
2021-03-03,20.75,22.2,17.6,18.5,2030088
2021-03-04,18.36,18.66,17.4,18.28,502931
2021-03-05,18,18.12,17.64,17.9,275538
2021-03-08,17.9,20,17.9,19.9,512516
2021-03-09,20.15,20.5,19.06,19.9,453789
2021-03-10,20,20.1,18.7,18.92,449463
2021-03-11,18.9,19.46,18.7,19.3,214137
2021-03-12,19.38,19.38,18.5,18.7,230996
2021-03-15,18.82,19.56,18.8,19.44,263820
2021-03-16,19.54,19.54,18.3,18.38,314893
2021-03-17,18.36,18.56,17.62,18.5,365363
2021-03-18,18.44,18.5,17.92,18.48,117491
2021-03-19,18.16,18.22,17.72,18.1,151164
2021-03-22,17.9,18.2,17.68,17.92,108821
2021-03-23,17.88,17.88,17.3,17.8,150995
2021-03-24,17.5,17.54,17,17.2,170424
2021-03-25,17.2,17.4,16.5,17.1,190834
2021-03-26,17.26,17.86,17.1,17.8,109677
2021-03-29,17.8,18.2,17.64,17.94,96079
2021-03-30,17.7,18.1,17.56,17.76,59664
2021-03-31,18.48,18.48,17.74,18,119157
2021-04-01,18.08,18.22,17.84,18,104238
2021-04-06,18.24,19.5,18.16,19.5,252390
2021-04-07,19.52,19.7,18.8,19.26,270912
2021-04-08,19.24,19.24,18.88,19.08,87103
2021-04-09,19.3,19.46,19.08,19.24,118977
2021-04-12,19.24,19.38,18.54,18.84,172293
2021-04-13,18.88,18.98,18.5,18.96,102113
2021-04-14,18.82,19.18,18.82,19,56532
2021-04-15,19.3,19.38,18.78,19.1,95115
2021-04-16,19.1,19.34,18.92,19.2,135167
2021-04-19,19.2,19.26,18.84,18.84,99505
2021-04-20,19,19,17.98,18.1,218682
2021-04-21,18.28,18.28,17.7,17.9,97895
2021-04-22,18.2,18.6,18,18.2,84747
2021-04-23,18.38,18.52,18,18.2,49909
2021-04-26,18.28,18.44,18.1,18.28,41782
2021-04-27,18.32,18.36,18.02,18.02,43639
2021-04-28,18.08,19.2,18.08,19.06,168652
2021-04-29,19.16,19.7,19,19.1,216340
2021-04-30,19.4,19.5,19.04,19.44,78365
2021-05-04,19.64,19.72,18.82,19.2,110730
2021-05-05,19.26,19.76,19.06,19.4,125666
2021-05-06,19.32,20.25,19.3,20,308228
2021-05-07,20.3,20.7,19.92,20.6,207071
2021-05-10,19.9,20.5,19.3,19.8,412491
2021-05-11,19.58,19.96,19.1,19.8,164722
2021-05-12,19.8,19.8,19.12,19.44,114602
2021-05-13,19.42,19.54,18.8,19.48,111176
2021-05-14,19.5,19.7,19.2,19.46,74274
2021-05-17,19.36,19.6,19.16,19.42,61529
2021-05-18,19.38,19.7,19.3,19.34,71966
2021-05-19,19.28,19.34,18.7,19.06,206067
2021-05-20,19.1,19.56,18.76,19.56,171191
2021-05-21,19.5,19.7,19.3,19.6,89211
2021-05-24,19.32,19.8,19.32,19.8,59439
2021-05-25,19.72,19.94,19.36,19.36,74655
2021-05-26,19.56,19.6,19.36,19.36,42678
2021-05-27,19.48,19.58,19.3,19.56,51092
2021-05-28,19.72,20.9,19.7,20.6,447224
2021-05-31,20.85,21.85,20.85,21.1,267503
2021-06-01,21.1,21.7,20.8,21.2,201100
2021-06-02,21.25,21.5,20.75,21.2,141416
2021-06-04,21.05,21.8,21.05,21.2,195186
2021-06-07,21.2,21.7,21,21.4,120779
2021-06-08,21.5,21.65,21.25,21.5,77710
2021-06-09,21.5,22.9,21.5,22.35,225215
2021-06-10,22.4,23.2,22,22.9,144408
2021-06-11,23.1,23.25,22.75,23.05,115006
2021-06-14,23.05,23.3,22.8,23.1,70568
2021-06-15,23.45,23.45,21.9,21.9,320884
2021-06-16,22,22.65,21.55,22.4,167485
2021-06-17,22.15,22.3,21.5,21.6,129133
2021-06-18,21.7,21.85,21.55,21.7,48819
2021-06-21,21.55,21.6,20.75,21.25,181922
2021-06-22,21.4,21.9,21.1,21.9,116352
2021-06-23,22.05,22.4,21.8,22.4,79371
2021-06-24,22.35,22.65,22,22.6,112049
2021-06-25,22.55,22.65,22.3,22.5,60051
2021-06-28,22.5,23.2,22.5,22.5,58200
2021-06-29,22.55,22.6,21.65,21.75,72161
2021-06-30,21.6,21.8,20.65,21,145417
2021-07-01,20.9,21.5,20.9,21.45,85267
2021-07-02,21.45,21.55,21.1,21.3,43584
2021-07-05,21.3,21.3,20.9,21.1,45682
2021-07-06,21.1,21.45,20.9,21,38022
2021-07-07,21,22.3,20.95,22,148924
2021-07-08,22,22,21.2,21.6,79973
2021-07-09,21.65,21.7,21.25,21.5,47542
2021-07-12,21.3,21.4,20.85,21,89751
2021-07-13,21.05,21.05,20.65,20.7,62911
2021-07-14,20.7,21,20.4,20.7,107965
2021-07-15,20.7,20.7,19.9,20.3,135134
2021-07-16,20.1,20.3,19.36,19.36,163169
2021-07-19,19.36,19.36,17.44,18,360882
2021-07-20,18,18.46,17.6,18.28,197664
2021-07-21,18.5,18.8,18.3,18.54,101587
2021-07-22,18.62,18.96,18.46,18.7,95394
2021-07-23,18.62,18.8,18.4,18.74,53058
2021-07-26,18.76,19,18.42,18.7,48621
2021-07-27,18.6,18.66,17.94,18,127681
2021-07-28,17.9,18.36,17.8,18.3,63104
2021-07-29,18.16,19.26,18.12,18.8,108005
2021-07-30,18.78,19.08,18.58,19,72894
2021-08-02,19.04,19.24,18.82,18.98,43470
2021-08-03,19.04,19.14,18.46,18.46,79310
2021-08-04,18.54,18.9,18.42,18.54,43378
2021-08-05,18.74,19.36,18.44,19,123046
2021-08-06,19.12,19.3,18.88,19.08,50855
2021-08-09,18.46,18.66,18.08,18.2,165481
2021-08-10,18.2,18.3,18.06,18.28,73075
2021-08-11,18.24,18.48,18.1,18.42,48839
2021-08-12,18.5,18.82,18.28,18.58,65930
2021-08-13,18.58,18.74,18.26,18.4,43335
2021-08-16,18.36,18.66,18.16,18.6,67204
